   1.5000000e-01
   7.0000000e-02
   3.5000000e+01
   3.1000000e+01
   0.0000000e+00
   0.0000000e+00
   5.0000000e-02
   5.0000000e-02
   5.0000000e-02
   8.0000000e+00
   8.0000000e+00
   8.0000000e+00
   0.0000000e+00
   0.0000000e+00
   0.0000000e+00
   5.0000000e+00
   2.5000000e+00
   0.0000000e+00
  -2.0990761e-04
  -4.6735429e-04
  -7.9412078e-04
  -1.1910594e-03
  -1.6298389e-03
  -2.0579758e-03
  -2.4111710e-03
  -2.6297325e-03
  -2.6744716e-03
  -2.5373679e-03
  -2.2437463e-03
  -1.8453084e-03
  -1.4061852e-03
  -9.8619849e-04
  -6.2611909e-04
  -3.3890695e-04
  -1.0911484e-04
   9.9606035e-05
   3.3112205e-04
   6.2133432e-04
   9.8492335e-04
   1.4080479e-03
   1.8491623e-03
   2.2479809e-03
   2.5403716e-03
   2.6751334e-03
   2.6278094e-03
   2.4073706e-03
   2.0537182e-03
   1.6267989e-03
   1.1906657e-03
   7.9715941e-04
   4.7375603e-04
   2.1875150e-04
   4.8677463e-06
  -2.0758205e-04
  -4.6154985e-04
  -7.8969246e-04
  -1.1937321e-03
  -1.6444377e-03
  -2.0868997e-03
  -2.4535303e-03
  -2.6813787e-03
  -2.7289105e-03
  -2.5873155e-03
  -2.2829115e-03
  -1.8699187e-03
  -1.4158325e-03
  -9.8376317e-04
  -6.1679030e-04
  -3.2856736e-04
  -1.0255176e-04
   1.0014026e-04
   3.2656984e-04
   6.1551581e-04
   9.8334513e-04
   1.4162025e-03
   1.8708190e-03
   2.2839490e-03
   2.5880701e-03
   2.7290785e-03
   2.6808922e-03
   2.4525855e-03
   2.0858768e-03
   1.6437601e-03
   1.1937350e-03
   7.9054293e-04
   4.6321462e-04
   2.0983393e-04
   1.2329584e-06
  -1.5539330e-04
  -3.7320218e-04
  -7.0136319e-04
  -1.1468877e-03
  -1.6737228e-03
  -2.2096136e-03
  -2.6636709e-03
  -2.9501569e-03
  -3.0118684e-03
  -2.8361217e-03
  -2.4583232e-03
  -1.9519975e-03
  -1.4084682e-03
  -9.1242780e-04
  -5.2042823e-04
  -2.4803008e-04
  -6.8775879e-05
   7.4989749e-05
   2.5255811e-04
   5.2204491e-04
   9.1071998e-04
   1.4039704e-03
   1.9460430e-03
   2.4526446e-03
   2.8323434e-03
   3.0110556e-03
   2.9525373e-03
   2.6685764e-03
   2.2156519e-03
   1.6791520e-03
   1.1501141e-03
   7.0141639e-04
   3.7002121e-04
   1.4983034e-04
  -3.2179489e-06
  -2.5324228e-05
  -1.5271919e-04
  -4.7005644e-04
  -9.9585086e-04
  -1.6794164e-03
  -2.4110883e-03
  -3.0495131e-03
  -3.4594597e-03
  -3.5497805e-03
  -3.2998040e-03
  -2.7653812e-03
  -2.0625425e-03
  -1.3343648e-03
  -7.1172392e-04
  -2.7934066e-04
  -5.5831333e-05
   7.6284740e-06
   9.9804394e-06
   6.9021171e-05
   2.8487818e-04
   7.0846892e-04
   1.3236316e-03
   2.0477446e-03
   2.7510253e-03
   3.2901689e-03
   3.5477009e-03
   3.4655439e-03
   3.0619778e-03
   2.4262460e-03
   1.6927063e-03
   1.0031574e-03
   4.6892561e-04
   1.4306610e-04
   9.4206951e-06
  -9.0952184e-06
   2.4252854e-04
   3.0558090e-04
   2.8984121e-05
  -6.2770127e-04
  -1.5874421e-03
  -2.6718572e-03
  -3.6458524e-03
  -4.2813521e-03
  -4.4231821e-03
  -4.0358470e-03
  -3.2143723e-03
  -2.1552160e-03
  -1.0981327e-03
  -2.5902476e-04
   2.2649463e-04
   3.3548015e-04
   1.5937982e-04
  -1.2522416e-04
  -3.0960471e-04
  -2.1499244e-04
   2.5394496e-04
   1.0788622e-03
   2.1281164e-03
   3.1878891e-03
   4.0180139e-03
   4.4193283e-03
   4.2926222e-03
   3.6688923e-03
   2.6997383e-03
   1.6116081e-03
   6.4045498e-04
  -3.2185972e-05
  -3.2481919e-04
  -2.7349035e-04
  -1.7622159e-05
   7.5462740e-04
   1.1890390e-03
   1.0180269e-03
   1.6181669e-04
  -1.2582031e-03
  -2.9451602e-03
  -4.4994557e-03
  -5.5272997e-03
  -5.7579677e-03
  -5.1294320e-03
  -3.8083312e-03
  -2.1360988e-03
  -5.2366276e-04
   6.6553169e-04
   1.2093745e-03
   1.0793500e-03
   4.4307180e-04
  -3.8505460e-04
  -1.0350145e-03
  -1.1888664e-03
  -6.7264311e-04
   4.9279682e-04
   2.0920241e-03
   3.7650623e-03
   5.1002495e-03
   5.7516580e-03
   5.5457489e-03
   4.5371362e-03
   2.9906370e-03
   1.2973034e-03
  -1.4187462e-04
  -1.0247274e-03
  -1.2223844e-03
  -8.0737094e-04
  -2.9906877e-05
   1.6840671e-03
   2.8015780e-03
   2.8599030e-03
   1.7127688e-03
  -4.4717203e-04
  -3.1287130e-03
  -5.6550591e-03
  -7.3452790e-03
  -7.7247838e-03
  -6.6850198e-03
  -4.5208228e-03
  -1.8282710e-03
   6.8920287e-04
   2.4237348e-03
   3.0133321e-03
   2.4225915e-03
   9.4863816e-04
  -8.5872094e-04
  -2.3533064e-03
  -2.9801892e-03
  -2.4328034e-03
  -7.3473142e-04
   1.7625224e-03
   4.4562422e-03
   6.6415177e-03
   7.7153845e-03
   7.3727685e-03
   5.7112639e-03
   3.1966064e-03
   5.0532008e-04
  -1.6840102e-03
  -2.8719813e-03
  -2.8542267e-03
  -1.7660417e-03
  -4.6310139e-05
   3.2802548e-03
   5.5783850e-03
   6.0760858e-03
   4.5251298e-03
   1.2270410e-03
  -3.0298097e-03
  -7.1251765e-03
  -9.8962922e-03
  -1.0516744e-02
  -8.7981353e-03
  -5.2605506e-03
  -9.3586351e-04
   2.9934983e-03
   5.5398538e-03
   6.1294955e-03
   4.7160032e-03
   1.8024713e-03
  -1.6760621e-03
  -4.6175930e-03
  -6.0808471e-03
  -5.5503751e-03
  -3.0553510e-03
   8.4644488e-04
   5.1736921e-03
   8.7401827e-03
   1.0504274e-02
   9.9328110e-03
   7.2003657e-03
   3.1216643e-03
  -1.1477576e-03
  -4.4868214e-03
  -6.0953225e-03
  -5.6540048e-03
  -3.3959190e-03
  -6.5028431e-05
   5.8228855e-03
   9.9970043e-03
   1.1234534e-02
   9.1616567e-03
   4.2368060e-03
  -2.3525320e-03
  -8.8359574e-03
  -1.3279751e-02
  -1.4270238e-02
  -1.1486578e-02
  -5.8330689e-03
   9.4072429e-04
   6.9195742e-03
   1.0590078e-02
   1.1091267e-02
   8.3437374e-03
   3.1419616e-03
  -2.9852581e-03
  -8.2192747e-03
  -1.1026869e-02
  -1.0601446e-02
  -6.9975634e-03
  -1.0501642e-03
   5.7319663e-03
   1.1421659e-02
   1.4256493e-02
   1.3320218e-02
   8.9215928e-03
   2.4621709e-03
  -4.1377882e-03
  -9.1139141e-03
  -1.1261760e-02
  -1.0094413e-02
  -5.9673391e-03
  -8.0414622e-05
   9.4257498e-03
   1.6212163e-02
   1.8484066e-02
   1.5804054e-02
   8.8481184e-03
  -8.0087325e-04
  -1.0566359e-02
  -1.7373576e-02
  -1.8884654e-02
  -1.4572022e-02
  -5.9591704e-03
   4.0962827e-03
   1.2685021e-02
   1.7730057e-02
   1.8051397e-02
   1.3441432e-02
   5.0181274e-03
  -4.8527095e-03
  -1.3302003e-02
  -1.7970895e-02
  -1.7742043e-02
  -1.2784139e-02
  -4.2217492e-03
   5.8622790e-03
   1.4518855e-02
   1.8874178e-02
   1.7405165e-02
   1.0641598e-02
   9.1619563e-04
  -8.7267983e-03
  -1.5743668e-02
  -1.8521318e-02
  -1.6326793e-02
  -9.5817248e-03
  -8.4243511e-05
   1.3610194e-02
   2.3277794e-02
   2.6554753e-02
   2.3250446e-02
   1.4363089e-02
   1.5398242e-03
  -1.1968694e-02
  -2.1612392e-02
  -2.3752053e-02
  -1.7572446e-02
  -5.4873117e-03
   8.1222185e-03
   1.9274168e-02
   2.5665557e-02
   2.5887095e-02
   1.9300377e-02
   7.1924444e-03
  -7.0404922e-03
  -1.9147629e-02
  -2.5772040e-02
  -2.5674532e-02
  -1.9425664e-02
  -8.2876118e-03
   5.4044312e-03
   1.7551219e-02
   2.3750206e-02
   2.1620336e-02
   1.2014488e-02
  -1.4124783e-03
  -1.4185103e-02
  -2.3161750e-02
  -2.6618641e-02
  -2.3420371e-02
  -1.3763945e-02
  -7.5487790e-05
   1.6933939e-02
   2.8540616e-02
   3.2028466e-02
   2.8101697e-02
   1.8314261e-02
   3.5965446e-03
  -1.2822561e-02
  -2.4931540e-02
  -2.7635868e-02
  -1.9802988e-02
  -4.8486843e-03
   1.1190003e-02
   2.3637167e-02
   3.0879759e-02
   3.1511677e-02
   2.3860061e-02
   8.9511441e-03
  -8.8058793e-03
  -2.3668751e-02
  -3.1319910e-02
  -3.0871521e-02
  -2.3891480e-02
  -1.1459976e-02
   4.7463982e-03
   1.9803518e-02
   2.7641367e-02
   2.4920438e-02
   1.2858425e-02
  -3.4067791e-03
  -1.8012745e-02
  -2.7965689e-02
  -3.2155063e-02
  -2.8747462e-02
  -1.7099795e-02
  -6.8788946e-05
   1.7747524e-02
   2.9291157e-02
   3.1804162e-02
   2.7193757e-02
   1.7829373e-02
   3.5113940e-03
  -1.3423115e-02
  -2.6319475e-02
  -2.9234635e-02
  -2.0848551e-02
  -5.1302959e-03
   1.0968750e-02
   2.2821572e-02
   3.0183717e-02
   3.1840975e-02
   2.4776799e-02
   9.4073870e-03
  -9.2814030e-03
  -2.4591563e-02
  -3.1645311e-02
  -3.0174254e-02
  -2.3093000e-02
  -1.1274611e-02
   4.9911254e-03
   2.0828338e-02
   2.9236484e-02
   2.6319966e-02
   1.3488966e-02
  -3.2824975e-03
  -1.7499950e-02
  -2.7051322e-02
  -3.1935284e-02
  -2.9498134e-02
  -1.7900051e-02
  -5.7993138e-05
   1.6332860e-02
   2.6846568e-02
   2.8740783e-02
   2.3648378e-02
   1.4272842e-02
   9.3636267e-04
  -1.4350531e-02
  -2.5861770e-02
  -2.8465580e-02
  -2.1002674e-02
  -6.8115547e-03
   8.1010706e-03
   1.9452667e-02
   2.6763078e-02
   2.8765794e-02
   2.2557531e-02
   8.5531772e-03
  -8.5697473e-03
  -2.2594768e-02
  -2.8861917e-02
  -2.6851762e-02
  -1.9437557e-02
  -8.0826438e-03
   6.7729522e-03
   2.0969193e-02
   2.8459596e-02
   2.5880929e-02
   1.4393714e-02
  -9.2166728e-04
  -1.4308345e-02
  -2.3611410e-02
  -2.8630898e-02
  -2.6781431e-02
  -1.6311150e-02
   7.9133368e-06
   1.4877569e-02
   2.5462580e-02
   2.8797245e-02
   2.4007397e-02
   1.2767695e-02
  -1.6437937e-03
  -1.5468218e-02
  -2.4831646e-02
  -2.6873240e-02
  -2.0932055e-02
  -8.7711892e-03
   6.0614756e-03
   1.9274319e-02
   2.7212221e-02
   2.7814034e-02
   2.0693479e-02
   7.6023097e-03
  -7.7506035e-03
  -2.0928447e-02
  -2.8150084e-02
  -2.7369867e-02
  -1.9006788e-02
  -5.7315080e-03
   8.8773959e-03
   2.0927771e-02
   2.6868428e-02
   2.4842661e-02
   1.5438093e-02
   1.4238967e-03
  -1.3131637e-02
  -2.4069835e-02
  -2.8497253e-02
  -2.5164635e-02
  -1.4696666e-02
   6.8895370e-05
   1.4352090e-02
   2.5381171e-02
   3.0013978e-02
   2.5816696e-02
   1.3363012e-02
  -2.3533522e-03
  -1.5946848e-02
  -2.4377756e-02
  -2.6144000e-02
  -2.0927371e-02
  -9.6551605e-03
   5.5250509e-03
   2.0385898e-02
   2.9095796e-02
   2.8678724e-02
   2.0480016e-02
   7.3885668e-03
  -7.3885668e-03
  -2.0480016e-02
  -2.8678724e-02
  -2.9095796e-02
  -2.0385898e-02
  -5.5250509e-03
   9.6551605e-03
   2.0927371e-02
   2.6144000e-02
   2.4377756e-02
   1.5946848e-02
   2.3533522e-03
  -1.3363012e-02
  -2.5816696e-02
  -3.0013978e-02
  -2.5381171e-02
  -1.4352090e-02
  -9.8532293e-16
   1.4696666e-02
   2.5164635e-02
   2.8497253e-02
   2.4069835e-02
   1.3131637e-02
  -1.4238967e-03
  -1.5438093e-02
  -2.4842661e-02
  -2.6868428e-02
  -2.0927771e-02
  -8.8773959e-03
   5.7315080e-03
   1.9006788e-02
   2.7369867e-02
   2.8150084e-02
   2.0928447e-02
   7.7506035e-03
  -7.6023097e-03
  -2.0693479e-02
  -2.7814034e-02
  -2.7212221e-02
  -1.9274319e-02
  -6.0614756e-03
   8.7711892e-03
   2.0932055e-02
   2.6873240e-02
   2.4831646e-02
   1.5468218e-02
   1.6437937e-03
  -1.2767695e-02
  -2.4007397e-02
  -2.8797245e-02
  -2.5462580e-02
  -1.4877569e-02
  -6.8895370e-05
   1.6311150e-02
   2.6781431e-02
   2.8630898e-02
   2.3611410e-02
   1.4308345e-02
   9.2166728e-04
  -1.4393714e-02
  -2.5880929e-02
  -2.8459596e-02
  -2.0969193e-02
  -6.7729522e-03
   8.0826438e-03
   1.9437557e-02
   2.6851762e-02
   2.8861917e-02
   2.2594768e-02
   8.5697473e-03
  -8.5531772e-03
  -2.2557531e-02
  -2.8765794e-02
  -2.6763078e-02
  -1.9452667e-02
  -8.1010706e-03
   6.8115547e-03
   2.1002674e-02
   2.8465580e-02
   2.5861770e-02
   1.4350531e-02
  -9.3636267e-04
  -1.4272842e-02
  -2.3648378e-02
  -2.8740783e-02
  -2.6846568e-02
  -1.6332860e-02
  -7.9133368e-06
   1.7900051e-02
   2.9498134e-02
   3.1935284e-02
   2.7051322e-02
   1.7499950e-02
   3.2824975e-03
  -1.3488966e-02
  -2.6319966e-02
  -2.9236484e-02
  -2.0828338e-02
  -4.9911254e-03
   1.1274611e-02
   2.3093000e-02
   3.0174254e-02
   3.1645311e-02
   2.4591563e-02
   9.2814030e-03
  -9.4073870e-03
  -2.4776799e-02
  -3.1840975e-02
  -3.0183717e-02
  -2.2821572e-02
  -1.0968750e-02
   5.1302959e-03
   2.0848551e-02
   2.9234635e-02
   2.6319475e-02
   1.3423115e-02
  -3.5113940e-03
  -1.7829373e-02
  -2.7193757e-02
  -3.1804162e-02
  -2.9291157e-02
  -1.7747524e-02
   5.7993138e-05
   1.7099795e-02
   2.8747462e-02
   3.2155063e-02
   2.7965689e-02
   1.8012745e-02
   3.4067791e-03
  -1.2858425e-02
  -2.4920438e-02
  -2.7641367e-02
  -1.9803518e-02
  -4.7463982e-03
   1.1459976e-02
   2.3891480e-02
   3.0871521e-02
   3.1319910e-02
   2.3668751e-02
   8.8058793e-03
  -8.9511441e-03
  -2.3860061e-02
  -3.1511677e-02
  -3.0879759e-02
  -2.3637167e-02
  -1.1190003e-02
   4.8486843e-03
   1.9802988e-02
   2.7635868e-02
   2.4931540e-02
   1.2822561e-02
  -3.5965446e-03
  -1.8314261e-02
  -2.8101697e-02
  -3.2028466e-02
  -2.8540616e-02
  -1.6933939e-02
   6.8788946e-05
   1.3763945e-02
   2.3420371e-02
   2.6618641e-02
   2.3161750e-02
   1.4185103e-02
   1.4124783e-03
  -1.2014488e-02
  -2.1620336e-02
  -2.3750206e-02
  -1.7551219e-02
  -5.4044312e-03
   8.2876118e-03
   1.9425664e-02
   2.5674532e-02
   2.5772040e-02
   1.9147629e-02
   7.0404922e-03
  -7.1924444e-03
  -1.9300377e-02
  -2.5887095e-02
  -2.5665557e-02
  -1.9274168e-02
  -8.1222185e-03
   5.4873117e-03
   1.7572446e-02
   2.3752053e-02
   2.1612392e-02
   1.1968694e-02
  -1.5398242e-03
  -1.4363089e-02
  -2.3250446e-02
  -2.6554753e-02
  -2.3277794e-02
  -1.3610194e-02
   7.5487790e-05
   9.5817248e-03
   1.6326793e-02
   1.8521318e-02
   1.5743668e-02
   8.7267983e-03
  -9.1619563e-04
  -1.0641598e-02
  -1.7405165e-02
  -1.8874178e-02
  -1.4518855e-02
  -5.8622790e-03
   4.2217492e-03
   1.2784139e-02
   1.7742043e-02
   1.7970895e-02
   1.3302003e-02
   4.8527095e-03
  -5.0181274e-03
  -1.3441432e-02
  -1.8051397e-02
  -1.7730057e-02
  -1.2685021e-02
  -4.0962827e-03
   5.9591704e-03
   1.4572022e-02
   1.8884654e-02
   1.7373576e-02
   1.0566359e-02
   8.0087325e-04
  -8.8481184e-03
  -1.5804054e-02
  -1.8484066e-02
  -1.6212163e-02
  -9.4257498e-03
   8.4243511e-05
   5.9673391e-03
   1.0094413e-02
   1.1261760e-02
   9.1139141e-03
   4.1377882e-03
  -2.4621709e-03
  -8.9215928e-03
  -1.3320218e-02
  -1.4256493e-02
  -1.1421659e-02
  -5.7319663e-03
   1.0501642e-03
   6.9975634e-03
   1.0601446e-02
   1.1026869e-02
   8.2192747e-03
   2.9852581e-03
  -3.1419616e-03
  -8.3437374e-03
  -1.1091267e-02
  -1.0590078e-02
  -6.9195742e-03
  -9.4072429e-04
   5.8330689e-03
   1.1486578e-02
   1.4270238e-02
   1.3279751e-02
   8.8359574e-03
   2.3525320e-03
  -4.2368060e-03
  -9.1616567e-03
  -1.1234534e-02
  -9.9970043e-03
  -5.8228855e-03
   8.0414622e-05
   3.3959190e-03
   5.6540048e-03
   6.0953225e-03
   4.4868214e-03
   1.1477576e-03
  -3.1216643e-03
  -7.2003657e-03
  -9.9328110e-03
  -1.0504274e-02
  -8.7401827e-03
  -5.1736921e-03
  -8.4644488e-04
   3.0553510e-03
   5.5503751e-03
   6.0808471e-03
   4.6175930e-03
   1.6760621e-03
  -1.8024713e-03
  -4.7160032e-03
  -6.1294955e-03
  -5.5398538e-03
  -2.9934983e-03
   9.3586351e-04
   5.2605506e-03
   8.7981353e-03
   1.0516744e-02
   9.8962922e-03
   7.1251765e-03
   3.0298097e-03
  -1.2270410e-03
  -4.5251298e-03
  -6.0760858e-03
  -5.5783850e-03
  -3.2802548e-03
   6.5028431e-05
   1.7660417e-03
   2.8542267e-03
   2.8719813e-03
   1.6840102e-03
  -5.0532008e-04
  -3.1966064e-03
  -5.7112639e-03
  -7.3727685e-03
  -7.7153845e-03
  -6.6415177e-03
  -4.4562422e-03
  -1.7625224e-03
   7.3473142e-04
   2.4328034e-03
   2.9801892e-03
   2.3533064e-03
   8.5872094e-04
  -9.4863816e-04
  -2.4225915e-03
  -3.0133321e-03
  -2.4237348e-03
  -6.8920287e-04
   1.8282710e-03
   4.5208228e-03
   6.6850198e-03
   7.7247838e-03
   7.3452790e-03
   5.6550591e-03
   3.1287130e-03
   4.4717203e-04
  -1.7127688e-03
  -2.8599030e-03
  -2.8015780e-03
  -1.6840671e-03
   4.6310139e-05
   8.0737094e-04
   1.2223844e-03
   1.0247274e-03
   1.4187462e-04
  -1.2973034e-03
  -2.9906370e-03
  -4.5371362e-03
  -5.5457489e-03
  -5.7516580e-03
  -5.1002495e-03
  -3.7650623e-03
  -2.0920241e-03
  -4.9279682e-04
   6.7264311e-04
   1.1888664e-03
   1.0350145e-03
   3.8505460e-04
  -4.4307180e-04
  -1.0793500e-03
  -1.2093745e-03
  -6.6553169e-04
   5.2366276e-04
   2.1360988e-03
   3.8083312e-03
   5.1294320e-03
   5.7579677e-03
   5.5272997e-03
   4.4994557e-03
   2.9451602e-03
   1.2582031e-03
  -1.6181669e-04
  -1.0180269e-03
  -1.1890390e-03
  -7.5462740e-04
   2.9906877e-05
   2.7349035e-04
   3.2481919e-04
   3.2185972e-05
  -6.4045498e-04
  -1.6116081e-03
  -2.6997383e-03
  -3.6688923e-03
  -4.2926222e-03
  -4.4193283e-03
  -4.0180139e-03
  -3.1878891e-03
  -2.1281164e-03
  -1.0788622e-03
  -2.5394496e-04
   2.1499244e-04
   3.0960471e-04
   1.2522416e-04
  -1.5937982e-04
  -3.3548015e-04
  -2.2649463e-04
   2.5902476e-04
   1.0981327e-03
   2.1552160e-03
   3.2143723e-03
   4.0358470e-03
   4.4231821e-03
   4.2813521e-03
   3.6458524e-03
   2.6718572e-03
   1.5874421e-03
   6.2770127e-04
  -2.8984121e-05
  -3.0558090e-04
  -2.4252854e-04
   1.7622159e-05
  -9.4206952e-06
  -1.4306610e-04
  -4.6892561e-04
  -1.0031574e-03
  -1.6927063e-03
  -2.4262460e-03
  -3.0619778e-03
  -3.4655439e-03
  -3.5477009e-03
  -3.2901689e-03
  -2.7510253e-03
  -2.0477446e-03
  -1.3236316e-03
  -7.0846892e-04
  -2.8487818e-04
  -6.9021171e-05
  -9.9804394e-06
  -7.6284740e-06
   5.5831333e-05
   2.7934066e-04
   7.1172392e-04
   1.3343648e-03
   2.0625425e-03
   2.7653812e-03
   3.2998040e-03
   3.5497805e-03
   3.4594597e-03
   3.0495131e-03
   2.4110883e-03
   1.6794164e-03
   9.9585086e-04
   4.7005644e-04
   1.5271919e-04
   2.5324227e-05
   9.0952184e-06
  -1.4983034e-04
  -3.7002121e-04
  -7.0141639e-04
  -1.1501141e-03
  -1.6791520e-03
  -2.2156519e-03
  -2.6685764e-03
  -2.9525373e-03
  -3.0110556e-03
  -2.8323434e-03
  -2.4526446e-03
  -1.9460430e-03
  -1.4039704e-03
  -9.1071998e-04
  -5.2204491e-04
  -2.5255811e-04
  -7.4989749e-05
   6.8775879e-05
   2.4803008e-04
   5.2042823e-04
   9.1242780e-04
   1.4084682e-03
   1.9519975e-03
   2.4583232e-03
   2.8361217e-03
   3.0118684e-03
   2.9501569e-03
   2.6636709e-03
   2.2096136e-03
   1.6737228e-03
   1.1468877e-03
   7.0136319e-04
   3.7320218e-04
   1.5539330e-04
   3.2179488e-06
  -2.0983393e-04
  -4.6321462e-04
  -7.9054293e-04
  -1.1937350e-03
  -1.6437601e-03
  -2.0858768e-03
  -2.4525855e-03
  -2.6808922e-03
  -2.7290785e-03
  -2.5880701e-03
  -2.2839490e-03
  -1.8708190e-03
  -1.4162025e-03
  -9.8334513e-04
  -6.1551581e-04
  -3.2656984e-04
  -1.0014026e-04
   1.0255176e-04
   3.2856736e-04
   6.1679030e-04
   9.8376317e-04
   1.4158325e-03
   1.8699187e-03
   2.2829115e-03
   2.5873155e-03
   2.7289105e-03
   2.6813787e-03
   2.4535303e-03
   2.0868997e-03
   1.6444377e-03
   1.1937321e-03
   7.8969246e-04
   4.6154985e-04
   2.0758205e-04
  -1.2329584e-06
  -2.1875150e-04
  -4.7375603e-04
  -7.9715941e-04
  -1.1906657e-03
  -1.6267989e-03
  -2.0537182e-03
  -2.4073706e-03
  -2.6278094e-03
  -2.6751334e-03
  -2.5403716e-03
  -2.2479809e-03
  -1.8491623e-03
  -1.4080479e-03
  -9.8492335e-04
  -6.2133432e-04
  -3.3112205e-04
  -9.9606035e-05
   1.0911484e-04
   3.3890695e-04
   6.2611909e-04
   9.8619849e-04
   1.4061852e-03
   1.8453084e-03
   2.2437463e-03
   2.5373679e-03
   2.6744716e-03
   2.6297325e-03
   2.4111710e-03
   2.0579758e-03
   1.6298389e-03
   1.1910594e-03
   7.9412078e-04
   4.6735429e-04
   2.0990761e-04
  -4.8677463e-06
