   1.5000000e-01
   9.0000000e-02
   3.5000000e+01
   3.1000000e+01
   0.0000000e+00
   0.0000000e+00
   5.0000000e-02
   5.0000000e-02
   5.0000000e-02
   8.0000000e+00
   8.0000000e+00
   8.0000000e+00
   0.0000000e+00
   0.0000000e+00
   0.0000000e+00
   1.0000000e+00
   5.0000000e-02
   0.0000000e+00
  -2.9091994e-03
  -5.4584868e-03
  -7.3342247e-03
  -8.2948702e-03
  -8.2051337e-03
  -7.0587966e-03
  -4.9885494e-03
  -2.2566980e-03
   7.7684497e-04
   3.7064448e-03
   6.1426100e-03
   7.7701276e-03
   8.3902534e-03
   7.9407618e-03
   6.4948578e-03
   4.2443539e-03
   1.4726433e-03
  -1.4790244e-03
  -4.2495935e-03
  -6.4978051e-03
  -7.9401960e-03
  -8.3849073e-03
  -7.7590013e-03
  -6.1255426e-03
  -3.6845888e-03
  -7.5264907e-04
   2.2800932e-03
   5.0082440e-03
   7.0729486e-03
   8.2132828e-03
   8.2976730e-03
   7.3328752e-03
   5.4542467e-03
   2.9032467e-03
  -3.2620641e-06
  -3.3200454e-03
  -6.2527816e-03
  -8.4110906e-03
  -9.5174527e-03
  -9.4175547e-03
  -8.1056582e-03
  -5.7347945e-03
  -2.6053518e-03
   8.7159643e-04
   4.2329386e-03
   7.0332516e-03
   8.9105707e-03
   9.6347004e-03
   9.1309945e-03
   7.4803446e-03
   4.9009994e-03
   1.7181118e-03
  -1.6751327e-03
  -4.8619730e-03
  -7.4485974e-03
  -9.1086533e-03
  -9.6223366e-03
  -8.9072493e-03
  -7.0369711e-03
  -4.2411982e-03
  -8.8179291e-04
   2.5957996e-03
   5.7284800e-03
   8.1051653e-03
   9.4252003e-03
   9.5347760e-03
   8.4383077e-03
   6.2885212e-03
   3.3615178e-03
   2.1743998e-05
  -3.9428288e-03
  -7.4405170e-03
  -1.0019530e-02
  -1.1348839e-02
  -1.1241746e-02
  -9.6866797e-03
  -6.8617610e-03
  -3.1238916e-03
   1.0339886e-03
   5.0543156e-03
   8.4010480e-03
   1.0640750e-02
   1.1500823e-02
   1.0896111e-02
   8.9261786e-03
   5.8520651e-03
   2.0602726e-03
  -1.9824281e-03
  -5.7812476e-03
  -8.8684900e-03
  -1.0855869e-02
  -1.1479942e-02
  -1.0638542e-02
  -8.4144952e-03
  -5.0786039e-03
  -1.0631361e-03
   3.0963782e-03
   6.8422035e-03
   9.6805561e-03
   1.1253048e-02
   1.1379476e-02
   1.0068894e-02
   7.5054398e-03
   4.0180018e-03
   3.9372369e-05
  -4.8651545e-03
  -9.1966184e-03
  -1.2401005e-02
  -1.4068320e-02
  -1.3960578e-02
  -1.2051588e-02
  -8.5514682e-03
  -3.9001326e-03
   1.2835026e-03
   6.2942687e-03
   1.0455472e-02
   1.3226218e-02
   1.4274994e-02
   1.3507701e-02
   1.1056866e-02
   7.2485454e-03
   2.5585924e-03
  -2.4401846e-03
  -7.1406916e-03
  -1.0968826e-02
  -1.3446214e-02
  -1.4243326e-02
  -1.3223764e-02
  -1.0477947e-02
  -6.3343009e-03
  -1.3314958e-03
   3.8548234e-03
   8.5191307e-03
   1.2040832e-02
   1.3977322e-02
   1.4115065e-02
   1.2476411e-02
   9.2955923e-03
   4.9795537e-03
   5.9878713e-05
  -6.1491517e-03
  -1.1638553e-02
  -1.5716759e-02
  -1.7865409e-02
  -1.7771374e-02
  -1.5379393e-02
  -1.0935931e-02
  -4.9949456e-03
   1.6424115e-03
   8.0539588e-03
   1.3357482e-02
   1.6860129e-02
   1.8154435e-02
   1.7143764e-02
   1.4013520e-02
   9.1812658e-03
   3.2443847e-03
  -3.0799850e-03
  -9.0312861e-03
  -1.3890649e-02
  -1.7057274e-02
  -1.8108836e-02
  -1.6854637e-02
  -1.3386335e-02
  -8.1071448e-03
  -1.7066898e-03
   4.9344118e-03
   1.0893429e-02
   1.5366707e-02
   1.7796496e-02
   1.7931688e-02
   1.5822325e-02
   1.1776389e-02
   6.3080764e-03
   8.3121285e-05
  -7.8402432e-03
  -1.4851429e-02
  -2.0085347e-02
  -2.2885606e-02
  -2.2835254e-02
  -1.9825374e-02
  -1.4134888e-02
  -6.4646692e-03
   2.1321689e-03
   1.0427314e-02
   1.7250642e-02
   2.1705064e-02
   2.3294392e-02
   2.1936478e-02
   1.7897449e-02
   1.1714690e-02
   4.1394263e-03
  -3.9253501e-03
  -1.1519075e-02
  -1.7736545e-02
  -2.1822031e-02
  -2.3231760e-02
  -2.1692717e-02
  -1.7281062e-02
  -1.0488049e-02
  -2.2067802e-03
   6.3947478e-03
   1.4087477e-02
   1.9815069e-02
   2.2872149e-02
   2.2974376e-02
   2.0224123e-02
   1.5031491e-02
   8.0473115e-03
   1.0821738e-04
  -9.9434072e-03
  -1.8841008e-02
  -2.5516727e-02
  -2.9154899e-02
  -2.9204048e-02
  -2.5460708e-02
  -1.8214724e-02
  -8.3428967e-03
   2.7672649e-03
   1.3470916e-02
   2.2209352e-02
   2.7824462e-02
   2.9731370e-02
   2.7899123e-02
   2.2712023e-02
   1.4850519e-02
   5.2434797e-03
  -4.9800544e-03
  -1.4609548e-02
  -2.2513334e-02
  -2.7756726e-02
  -2.9650552e-02
  -2.7801613e-02
  -2.2234595e-02
  -1.3530036e-02
  -2.8419703e-03
   8.2734697e-03
   1.8170505e-02
   2.5457990e-02
   2.9254967e-02
   2.9266571e-02
   2.5688525e-02
   1.9063034e-02
   1.0198315e-02
   1.3314489e-04
  -1.2381335e-02
  -2.3450487e-02
  -3.1793643e-02
  -3.6440397e-02
  -3.6680804e-02
  -3.2152768e-02
  -2.3104160e-02
  -1.0602529e-02
   3.5415220e-03
   1.7140443e-02
   2.8133669e-02
   3.5049072e-02
   3.7239378e-02
   3.4793457e-02
   2.8259575e-02
   1.8464081e-02
   6.5128103e-03
  -6.2074084e-03
  -1.8184807e-02
  -2.8029891e-02
  -3.4629510e-02
  -3.7144725e-02
  -3.5015134e-02
  -2.8146797e-02
  -1.7186045e-02
  -3.6022495e-03
   1.0546950e-02
   2.3072863e-02
   3.2161406e-02
   3.6743525e-02
   3.6569264e-02
   3.1991782e-02
   2.3707580e-02
   1.2676851e-02
   1.5435938e-04
  -1.4946782e-02
  -2.8264268e-02
  -3.8329582e-02
  -4.4074915e-02
  -4.4633617e-02
  -3.9395591e-02
  -2.8468901e-02
  -1.3098006e-02
   4.4061847e-03
   2.1193606e-02
   3.4596045e-02
   4.2793614e-02
   4.5144383e-02
   4.1967785e-02
   3.4020898e-02
   2.2232090e-02
   7.8362799e-03
  -7.5065905e-03
  -2.1931662e-02
  -3.3777169e-02
  -4.1799443e-02
  -4.5050783e-02
  -4.2755941e-02
  -3.4594162e-02
  -2.1214972e-02
  -4.4389451e-03
   1.3069197e-02
   2.8457864e-02
   3.9413367e-02
   4.4696380e-02
   4.4204389e-02
   3.8536953e-02
   2.8539479e-02
   1.5265464e-02
   1.6668194e-04
  -1.7285524e-02
  -3.2572010e-02
  -4.4105509e-02
  -5.0856314e-02
  -5.1858906e-02
  -4.6158672e-02
  -3.3584852e-02
  -1.5503382e-02
   5.2453176e-03
   2.5087641e-02
   4.0695404e-02
   4.9909579e-02
   5.2205825e-02
   4.8276710e-02
   3.9107054e-02
   2.5606800e-02
   9.0271914e-03
  -8.7039893e-03
  -2.5315747e-02
  -3.8880005e-02
  -4.8135390e-02
  -5.2142186e-02
  -4.9887561e-02
  -4.0685375e-02
  -2.5082994e-02
  -5.2451464e-03
   1.5505304e-02
   3.3592254e-02
   4.6172587e-02
   5.1896732e-02
   5.0955472e-02
   4.4290975e-02
   3.2834824e-02
   1.7596717e-02
   1.6359413e-04
  -1.8973589e-02
  -3.5527372e-02
  -4.7886087e-02
  -5.5257396e-02
  -5.6718951e-02
  -5.0934424e-02
  -3.7330417e-02
  -1.7298546e-02
   5.8692166e-03
   2.7963209e-02
   4.5075159e-02
   5.4785333e-02
   5.6805818e-02
   5.2308306e-02
   4.2453305e-02
   2.7935055e-02
   9.8624542e-03
  -9.5905441e-03
  -2.7700036e-02
  -4.2290381e-02
  -5.2238583e-02
  -5.6809130e-02
  -5.4805215e-02
  -4.5074852e-02
  -2.7947519e-02
  -5.8510292e-03
   1.7316363e-02
   3.7340451e-02
   5.0923068e-02
   5.6700118e-02
   5.5284862e-02
   4.8003088e-02
   3.5730400e-02
   1.9231643e-02
   1.3826718e-04
  -1.9725402e-02
  -3.6586688e-02
  -4.8865396e-02
  -5.6161799e-02
  -5.7807905e-02
  -5.2234620e-02
  -3.8494258e-02
  -1.7896498e-02
   6.0636668e-03
   2.8871566e-02
   4.6337695e-02
   5.5951033e-02
   5.7685198e-02
   5.3105680e-02
   4.3376271e-02
   2.8786398e-02
   1.0189798e-02
  -1.0021970e-02
  -2.8666698e-02
  -4.3338096e-02
  -5.3153270e-02
  -5.7777658e-02
  -5.6023551e-02
  -4.6364206e-02
  -2.8873753e-02
  -6.0627349e-03
   1.7897107e-02
   3.8483700e-02
   5.2185729e-02
   5.7718412e-02
   5.6083859e-02
   4.8858640e-02
   3.6668385e-02
   1.9874562e-02
   8.7112192e-05
  -1.9622014e-02
  -3.5993456e-02
  -4.7422233e-02
  -5.3838674e-02
  -5.5008510e-02
  -4.9559965e-02
  -3.6495361e-02
  -1.6975145e-02
   5.7187833e-03
   2.7333688e-02
   4.3916705e-02
   5.3113531e-02
   5.4985542e-02
   5.1063510e-02
   4.2222158e-02
   2.8331092e-02
   1.0055359e-02
  -1.0027266e-02
  -2.8370164e-02
  -4.2351478e-02
  -5.1244191e-02
  -5.5146053e-02
  -5.3210803e-02
  -4.3966537e-02
  -2.7375077e-02
  -5.7668194e-03
   1.6930178e-02
   3.6453805e-02
   4.9491233e-02
   5.4878038e-02
   5.3659473e-02
   4.7259058e-02
   3.5908194e-02
   1.9623028e-02
   1.8820325e-05
  -1.9096283e-02
  -3.4719318e-02
  -4.5072423e-02
  -5.0108109e-02
  -5.0037240e-02
  -4.4230277e-02
  -3.2170077e-02
  -1.4881625e-02
   4.9772835e-03
   2.3974651e-02
   3.8914251e-02
   4.7833647e-02
   5.0567848e-02
   4.7970556e-02
   4.0334608e-02
   2.7337952e-02
   9.7164782e-03
  -9.8018208e-03
  -2.7502469e-02
  -4.0586576e-02
  -4.8225750e-02
  -5.0732519e-02
  -4.7907070e-02
  -3.8962412e-02
  -2.4043334e-02
  -5.0652322e-03
   1.4800824e-02
   3.2114243e-02
   4.4178016e-02
   4.9924490e-02
   4.9891041e-02
   4.4804603e-02
   3.4505725e-02
   1.8978252e-02
  -3.6816393e-05
  -1.8604570e-02
  -3.3699508e-02
  -4.3293234e-02
  -4.7100548e-02
  -4.5606138e-02
  -3.9095264e-02
  -2.7809194e-02
  -1.2713981e-02
   4.2449961e-03
   2.0583018e-02
   3.3987101e-02
   4.2940800e-02
   4.6888311e-02
   4.5700943e-02
   3.9025181e-02
   2.6604761e-02
   9.4636205e-03
  -9.5590052e-03
  -2.6757924e-02
  -3.9235450e-02
  -4.5892427e-02
  -4.6989259e-02
  -4.2971013e-02
  -3.4012914e-02
  -2.0636356e-02
  -4.3167979e-03
   1.2648729e-02
   2.7770490e-02
   3.9074436e-02
   4.5548416e-02
   4.6950380e-02
   4.3080199e-02
   3.3512395e-02
   1.8485075e-02
  -4.3345750e-05
  -1.8371322e-02
  -3.3274837e-02
  -4.2610893e-02
  -4.5959897e-02
  -4.3862221e-02
  -3.6991038e-02
  -2.5967858e-02
  -1.1768901e-02
   3.9676539e-03
   1.9178394e-02
   3.1951709e-02
   4.0986510e-02
   4.5546784e-02
   4.5010788e-02
   3.8699138e-02
   2.6430059e-02
   9.4217777e-03
  -9.4217777e-03
  -2.6430059e-02
  -3.8699138e-02
  -4.5010788e-02
  -4.5546784e-02
  -4.0986510e-02
  -3.1951709e-02
  -1.9178394e-02
  -3.9676539e-03
   1.1768901e-02
   2.5967858e-02
   3.6991038e-02
   4.3862221e-02
   4.5959897e-02
   4.2610893e-02
   3.3274837e-02
   1.8371322e-02
   4.9758808e-14
  -1.8485075e-02
  -3.3512395e-02
  -4.3080199e-02
  -4.6950380e-02
  -4.5548416e-02
  -3.9074436e-02
  -2.7770490e-02
  -1.2648729e-02
   4.3167979e-03
   2.0636356e-02
   3.4012914e-02
   4.2971013e-02
   4.6989259e-02
   4.5892427e-02
   3.9235450e-02
   2.6757924e-02
   9.5590052e-03
  -9.4636205e-03
  -2.6604761e-02
  -3.9025181e-02
  -4.5700943e-02
  -4.6888311e-02
  -4.2940800e-02
  -3.3987101e-02
  -2.0583018e-02
  -4.2449961e-03
   1.2713981e-02
   2.7809194e-02
   3.9095264e-02
   4.5606138e-02
   4.7100548e-02
   4.3293234e-02
   3.3699508e-02
   1.8604570e-02
   4.3345750e-05
  -1.8978252e-02
  -3.4505725e-02
  -4.4804603e-02
  -4.9891041e-02
  -4.9924490e-02
  -4.4178016e-02
  -3.2114243e-02
  -1.4800824e-02
   5.0652322e-03
   2.4043334e-02
   3.8962412e-02
   4.7907070e-02
   5.0732519e-02
   4.8225750e-02
   4.0586576e-02
   2.7502469e-02
   9.8018208e-03
  -9.7164782e-03
  -2.7337952e-02
  -4.0334608e-02
  -4.7970556e-02
  -5.0567848e-02
  -4.7833647e-02
  -3.8914251e-02
  -2.3974651e-02
  -4.9772835e-03
   1.4881625e-02
   3.2170077e-02
   4.4230277e-02
   5.0037240e-02
   5.0108109e-02
   4.5072423e-02
   3.4719318e-02
   1.9096283e-02
   3.6816392e-05
  -1.9623028e-02
  -3.5908194e-02
  -4.7259058e-02
  -5.3659473e-02
  -5.4878038e-02
  -4.9491233e-02
  -3.6453805e-02
  -1.6930178e-02
   5.7668194e-03
   2.7375077e-02
   4.3966537e-02
   5.3210803e-02
   5.5146053e-02
   5.1244191e-02
   4.2351478e-02
   2.8370164e-02
   1.0027266e-02
  -1.0055359e-02
  -2.8331092e-02
  -4.2222158e-02
  -5.1063510e-02
  -5.4985542e-02
  -5.3113531e-02
  -4.3916705e-02
  -2.7333688e-02
  -5.7187833e-03
   1.6975145e-02
   3.6495361e-02
   4.9559965e-02
   5.5008510e-02
   5.3838674e-02
   4.7422233e-02
   3.5993456e-02
   1.9622014e-02
  -1.8820325e-05
  -1.9874562e-02
  -3.6668385e-02
  -4.8858640e-02
  -5.6083859e-02
  -5.7718412e-02
  -5.2185729e-02
  -3.8483700e-02
  -1.7897107e-02
   6.0627349e-03
   2.8873753e-02
   4.6364206e-02
   5.6023551e-02
   5.7777658e-02
   5.3153270e-02
   4.3338096e-02
   2.8666698e-02
   1.0021970e-02
  -1.0189798e-02
  -2.8786398e-02
  -4.3376271e-02
  -5.3105680e-02
  -5.7685198e-02
  -5.5951033e-02
  -4.6337695e-02
  -2.8871566e-02
  -6.0636668e-03
   1.7896498e-02
   3.8494258e-02
   5.2234620e-02
   5.7807905e-02
   5.6161799e-02
   4.8865396e-02
   3.6586688e-02
   1.9725402e-02
  -8.7112192e-05
  -1.9231643e-02
  -3.5730400e-02
  -4.8003088e-02
  -5.5284862e-02
  -5.6700118e-02
  -5.0923068e-02
  -3.7340451e-02
  -1.7316363e-02
   5.8510292e-03
   2.7947519e-02
   4.5074852e-02
   5.4805215e-02
   5.6809130e-02
   5.2238583e-02
   4.2290381e-02
   2.7700036e-02
   9.5905441e-03
  -9.8624542e-03
  -2.7935055e-02
  -4.2453305e-02
  -5.2308306e-02
  -5.6805818e-02
  -5.4785333e-02
  -4.5075159e-02
  -2.7963209e-02
  -5.8692166e-03
   1.7298546e-02
   3.7330417e-02
   5.0934424e-02
   5.6718951e-02
   5.5257396e-02
   4.7886087e-02
   3.5527372e-02
   1.8973589e-02
  -1.3826718e-04
  -1.7596717e-02
  -3.2834824e-02
  -4.4290975e-02
  -5.0955472e-02
  -5.1896732e-02
  -4.6172587e-02
  -3.3592254e-02
  -1.5505304e-02
   5.2451464e-03
   2.5082994e-02
   4.0685375e-02
   4.9887561e-02
   5.2142186e-02
   4.8135390e-02
   3.8880005e-02
   2.5315747e-02
   8.7039893e-03
  -9.0271914e-03
  -2.5606800e-02
  -3.9107054e-02
  -4.8276710e-02
  -5.2205825e-02
  -4.9909579e-02
  -4.0695404e-02
  -2.5087641e-02
  -5.2453176e-03
   1.5503382e-02
   3.3584852e-02
   4.6158672e-02
   5.1858906e-02
   5.0856314e-02
   4.4105509e-02
   3.2572010e-02
   1.7285524e-02
  -1.6359413e-04
  -1.5265464e-02
  -2.8539479e-02
  -3.8536953e-02
  -4.4204389e-02
  -4.4696380e-02
  -3.9413367e-02
  -2.8457864e-02
  -1.3069197e-02
   4.4389451e-03
   2.1214972e-02
   3.4594162e-02
   4.2755941e-02
   4.5050783e-02
   4.1799443e-02
   3.3777169e-02
   2.1931662e-02
   7.5065905e-03
  -7.8362799e-03
  -2.2232090e-02
  -3.4020898e-02
  -4.1967785e-02
  -4.5144383e-02
  -4.2793614e-02
  -3.4596045e-02
  -2.1193606e-02
  -4.4061847e-03
   1.3098006e-02
   2.8468901e-02
   3.9395591e-02
   4.4633617e-02
   4.4074915e-02
   3.8329582e-02
   2.8264268e-02
   1.4946782e-02
  -1.6668194e-04
  -1.2676851e-02
  -2.3707580e-02
  -3.1991782e-02
  -3.6569264e-02
  -3.6743525e-02
  -3.2161406e-02
  -2.3072863e-02
  -1.0546950e-02
   3.6022495e-03
   1.7186045e-02
   2.8146797e-02
   3.5015134e-02
   3.7144725e-02
   3.4629510e-02
   2.8029891e-02
   1.8184807e-02
   6.2074084e-03
  -6.5128103e-03
  -1.8464081e-02
  -2.8259575e-02
  -3.4793457e-02
  -3.7239378e-02
  -3.5049072e-02
  -2.8133669e-02
  -1.7140443e-02
  -3.5415220e-03
   1.0602529e-02
   2.3104160e-02
   3.2152768e-02
   3.6680804e-02
   3.6440397e-02
   3.1793643e-02
   2.3450487e-02
   1.2381335e-02
  -1.5435938e-04
  -1.0198315e-02
  -1.9063034e-02
  -2.5688525e-02
  -2.9266571e-02
  -2.9254967e-02
  -2.5457990e-02
  -1.8170505e-02
  -8.2734697e-03
   2.8419703e-03
   1.3530036e-02
   2.2234595e-02
   2.7801613e-02
   2.9650552e-02
   2.7756726e-02
   2.2513334e-02
   1.4609548e-02
   4.9800544e-03
  -5.2434797e-03
  -1.4850519e-02
  -2.2712023e-02
  -2.7899123e-02
  -2.9731370e-02
  -2.7824462e-02
  -2.2209352e-02
  -1.3470916e-02
  -2.7672649e-03
   8.3428967e-03
   1.8214724e-02
   2.5460708e-02
   2.9204048e-02
   2.9154899e-02
   2.5516727e-02
   1.8841008e-02
   9.9434072e-03
  -1.3314489e-04
  -8.0473115e-03
  -1.5031491e-02
  -2.0224123e-02
  -2.2974376e-02
  -2.2872149e-02
  -1.9815069e-02
  -1.4087477e-02
  -6.3947478e-03
   2.2067802e-03
   1.0488049e-02
   1.7281062e-02
   2.1692717e-02
   2.3231760e-02
   2.1822031e-02
   1.7736545e-02
   1.1519075e-02
   3.9253501e-03
  -4.1394263e-03
  -1.1714690e-02
  -1.7897449e-02
  -2.1936478e-02
  -2.3294392e-02
  -2.1705064e-02
  -1.7250642e-02
  -1.0427314e-02
  -2.1321689e-03
   6.4646692e-03
   1.4134888e-02
   1.9825374e-02
   2.2835254e-02
   2.2885606e-02
   2.0085347e-02
   1.4851429e-02
   7.8402432e-03
  -1.0821738e-04
  -6.3080764e-03
  -1.1776389e-02
  -1.5822325e-02
  -1.7931688e-02
  -1.7796496e-02
  -1.5366707e-02
  -1.0893429e-02
  -4.9344118e-03
   1.7066898e-03
   8.1071448e-03
   1.3386335e-02
   1.6854637e-02
   1.8108836e-02
   1.7057274e-02
   1.3890649e-02
   9.0312861e-03
   3.0799850e-03
  -3.2443847e-03
  -9.1812658e-03
  -1.4013520e-02
  -1.7143764e-02
  -1.8154435e-02
  -1.6860129e-02
  -1.3357482e-02
  -8.0539588e-03
  -1.6424115e-03
   4.9949456e-03
   1.0935931e-02
   1.5379393e-02
   1.7771374e-02
   1.7865409e-02
   1.5716759e-02
   1.1638553e-02
   6.1491517e-03
  -8.3121285e-05
  -4.9795537e-03
  -9.2955923e-03
  -1.2476411e-02
  -1.4115065e-02
  -1.3977322e-02
  -1.2040832e-02
  -8.5191307e-03
  -3.8548234e-03
   1.3314958e-03
   6.3343009e-03
   1.0477947e-02
   1.3223764e-02
   1.4243326e-02
   1.3446214e-02
   1.0968826e-02
   7.1406916e-03
   2.4401846e-03
  -2.5585924e-03
  -7.2485454e-03
  -1.1056866e-02
  -1.3507701e-02
  -1.4274994e-02
  -1.3226218e-02
  -1.0455472e-02
  -6.2942687e-03
  -1.2835026e-03
   3.9001326e-03
   8.5514682e-03
   1.2051588e-02
   1.3960578e-02
   1.4068320e-02
   1.2401005e-02
   9.1966184e-03
   4.8651545e-03
  -5.9878712e-05
  -4.0180018e-03
  -7.5054398e-03
  -1.0068894e-02
  -1.1379476e-02
  -1.1253048e-02
  -9.6805561e-03
  -6.8422035e-03
  -3.0963782e-03
   1.0631361e-03
   5.0786039e-03
   8.4144952e-03
   1.0638542e-02
   1.1479942e-02
   1.0855869e-02
   8.8684900e-03
   5.7812476e-03
   1.9824281e-03
  -2.0602726e-03
  -5.8520651e-03
  -8.9261786e-03
  -1.0896111e-02
  -1.1500823e-02
  -1.0640750e-02
  -8.4010480e-03
  -5.0543156e-03
  -1.0339886e-03
   3.1238916e-03
   6.8617610e-03
   9.6866797e-03
   1.1241746e-02
   1.1348839e-02
   1.0019530e-02
   7.4405170e-03
   3.9428288e-03
  -3.9372369e-05
  -3.3615178e-03
  -6.2885212e-03
  -8.4383077e-03
  -9.5347760e-03
  -9.4252003e-03
  -8.1051653e-03
  -5.7284800e-03
  -2.5957996e-03
   8.8179291e-04
   4.2411982e-03
   7.0369711e-03
   8.9072493e-03
   9.6223366e-03
   9.1086533e-03
   7.4485974e-03
   4.8619730e-03
   1.6751327e-03
  -1.7181118e-03
  -4.9009994e-03
  -7.4803446e-03
  -9.1309945e-03
  -9.6347004e-03
  -8.9105707e-03
  -7.0332516e-03
  -4.2329386e-03
  -8.7159643e-04
   2.6053518e-03
   5.7347945e-03
   8.1056582e-03
   9.4175547e-03
   9.5174527e-03
   8.4110906e-03
   6.2527816e-03
   3.3200454e-03
  -2.1743998e-05
  -2.9032467e-03
  -5.4542467e-03
  -7.3328752e-03
  -8.2976730e-03
  -8.2132828e-03
  -7.0729486e-03
  -5.0082440e-03
  -2.2800932e-03
   7.5264907e-04
   3.6845888e-03
   6.1255426e-03
   7.7590013e-03
   8.3849073e-03
   7.9401960e-03
   6.4978051e-03
   4.2495935e-03
   1.4790244e-03
  -1.4726433e-03
  -4.2443539e-03
  -6.4948578e-03
  -7.9407618e-03
  -8.3902534e-03
  -7.7701276e-03
  -6.1426100e-03
  -3.7064448e-03
  -7.7684497e-04
   2.2566980e-03
   4.9885494e-03
   7.0587966e-03
   8.2051337e-03
   8.2948702e-03
   7.3342247e-03
   5.4584868e-03
   2.9091994e-03
   3.2620642e-06
