   1.5000000e-01
   8.0000000e-02
   3.5000000e+01
   3.1000000e+01
   0.0000000e+00
   0.0000000e+00
   5.0000000e-02
   5.0000000e-02
   5.0000000e-02
   8.0000000e+00
   8.0000000e+00
   8.0000000e+00
   0.0000000e+00
   0.0000000e+00
   0.0000000e+00
   2.0000000e+00
   5.0000000e-02
   0.0000000e+00
   6.4908880e-03
   7.0927717e-03
   8.0133087e-03
   9.1391145e-03
   1.0329709e-02
   1.1433612e-02
   1.2307004e-02
   1.2833422e-02
   1.2941466e-02
   1.2616485e-02
   1.1902970e-02
   1.0896984e-02
   9.7309610e-03
   8.5547372e-03
   7.5162991e-03
   6.7443142e-03
   6.3335644e-03
   6.3342628e-03
   6.7463437e-03
   7.5194929e-03
   8.5588718e-03
   9.7357316e-03
   1.0901896e-02
   1.1907268e-02
   1.2619280e-02
   1.2942065e-02
   1.2831666e-02
   1.2303349e-02
   1.1428898e-02
   1.0324790e-02
   9.1346149e-03
   8.0096134e-03
   7.0901351e-03
   6.4895082e-03
   6.2812797e-03
   5.6038268e-03
   6.2891448e-03
   7.3392155e-03
   8.6242494e-03
   9.9835655e-03
   1.1244211e-02
   1.2242315e-02
   1.2845349e-02
   1.2971967e-02
   1.2605076e-02
   1.1794594e-02
   1.0649138e-02
   9.3190963e-03
   7.9752782e-03
   6.7869745e-03
   5.9018294e-03
   5.4289283e-03
   5.4263401e-03
   5.8944208e-03
   6.7757796e-03
   7.9618824e-03
   9.3053842e-03
   1.0636940e-02
   1.1785353e-02
   1.2599697e-02
   1.2970872e-02
   1.2848614e-02
   1.2249705e-02
   1.1255078e-02
   9.9967320e-03
   8.6380443e-03
   7.3517353e-03
   6.2986146e-03
   5.6089138e-03
   5.3674362e-03
   4.3038857e-03
   5.1368962e-03
   6.4150560e-03
   7.9810395e-03
   9.6399542e-03
   1.1181298e-02
   1.2404310e-02
   1.3145273e-02
   1.3302872e-02
   1.2855465e-02
   1.1864847e-02
   1.0465273e-02
   8.8414880e-03
   7.2019731e-03
   5.7524899e-03
   4.6723126e-03
   4.0941073e-03
   4.0887373e-03
   4.6569009e-03
   5.7290536e-03
   7.1736092e-03
   8.8119532e-03
   1.0438415e-02
   1.1844016e-02
   1.2843101e-02
   1.3300332e-02
   1.3152827e-02
   1.2421146e-02
   1.1205511e-02
   9.6686132e-03
   8.0104786e-03
   6.4413964e-03
   5.1566475e-03
   4.3144499e-03
   4.0180865e-03
   2.3164574e-03
   3.3851159e-03
   5.0266787e-03
   7.0407800e-03
   9.1792334e-03
   1.1172263e-02
   1.2759163e-02
   1.3723840e-02
   1.3930663e-02
   1.3350314e-02
   1.2065576e-02
   1.0254672e-02
   8.1592077e-03
   6.0478564e-03
   4.1833364e-03
   2.7940699e-03
   2.0496017e-03
   2.0409280e-03
   2.7691606e-03
   4.1454035e-03
   6.0018424e-03
   8.1111514e-03
   1.0210829e-02
   1.2031470e-02
   1.3330023e-02
   1.3926490e-02
   1.3736244e-02
   1.2786764e-02
   1.1211850e-02
   9.2259403e-03
   7.0886063e-03
   5.0693565e-03
   3.4170583e-03
   2.3335249e-03
   1.9510544e-03
  -6.0542420e-04
   8.1104610e-04
   2.9877346e-03
   5.6616387e-03
   8.5083493e-03
   1.1172645e-02
   1.3304318e-02
   1.4605601e-02
   1.4885628e-02
   1.4102776e-02
   1.2374380e-02
   9.9487977e-03
   7.1544784e-03
   4.3480933e-03
   1.8737381e-03
   3.0498178e-05
  -9.5791413e-04
  -9.7042651e-04
  -5.4376252e-06
   1.8190096e-03
   4.2817227e-03
   7.0852466e-03
   9.8857966e-03
   1.2325538e-02
   1.4073807e-02
   1.4879680e-02
   1.4623292e-02
   1.3343778e-02
   1.1229436e-02
   8.5755618e-03
   5.7305924e-03
   3.0493060e-03
   8.5713048e-04
  -5.8080254e-04
  -1.0891493e-03
  -4.7304770e-03
  -2.8275093e-03
   9.4193977e-05
   3.6846332e-03
   7.5180498e-03
   1.1125615e-02
   1.4031548e-02
   1.5815503e-02
   1.6199731e-02
   1.5123187e-02
   1.2758888e-02
   9.4636814e-03
   5.6920546e-03
   1.9200504e-03
  -1.4009058e-03
  -3.8759484e-03
  -5.2044374e-03
  -5.2212227e-03
  -3.9241658e-03
  -1.4743466e-03
   1.8310782e-03
   5.5996066e-03
   9.3801991e-03
   1.2694819e-02
   1.5085532e-02
   1.6192034e-02
   1.5838430e-02
   1.4083057e-02
   1.1200496e-02
   7.6074969e-03
   3.7769310e-03
   1.7679503e-04
  -2.7656681e-03
  -4.6974444e-03
  -5.3808995e-03
  -1.0288507e-02
  -7.7361347e-03
  -3.8296408e-03
   9.6347850e-04
   6.0934611e-03
   1.0955849e-02
   1.4910505e-02
   1.7358020e-02
   1.7884887e-02
   1.6399440e-02
   1.3164190e-02
   8.7012215e-03
   3.6392981e-03
  -1.3983863e-03
  -5.8326234e-03
  -9.1452313e-03
  -1.0927217e-02
  -1.0948344e-02
  -9.2060235e-03
  -5.9254626e-03
  -1.5109674e-03
   3.5229593e-03
   8.5977551e-03
   1.3086542e-02
   1.6354765e-02
   1.7875856e-02
   1.7385024e-02
   1.4972223e-02
   1.1047665e-02
   6.2053055e-03
   1.0800771e-03
  -3.7251212e-03
  -7.6580638e-03
  -1.0246903e-02
  -1.1163655e-02
  -1.7318237e-02
  -1.3940615e-02
  -8.8075021e-03
  -2.5446356e-03
   4.1633774e-03
   1.0580286e-02
   1.5873035e-02
   1.9188348e-02
   1.9901655e-02
   1.7873052e-02
   1.3508677e-02
   7.5786119e-03
   9.3720331e-04
  -5.6400267e-03
  -1.1446476e-02
  -1.5811690e-02
  -1.8171032e-02
  -1.8195661e-02
  -1.5883020e-02
  -1.1556709e-02
  -5.7751920e-03
   7.9785311e-04
   7.4579276e-03
   1.3422343e-02
   1.7825817e-02
   1.9892370e-02
   1.9216388e-02
   1.5939866e-02
   1.0685036e-02
   4.2960092e-03
  -2.4044530e-03
  -8.6826117e-03
  -1.3848509e-02
  -1.7269619e-02
  -1.8483479e-02
  -2.5408398e-02
  -2.1039964e-02
  -1.4490088e-02
  -6.6052783e-03
   1.8084953e-03
   9.9502917e-03
   1.6805611e-02
   2.1177393e-02
   2.2119013e-02
   1.9415769e-02
   1.3700210e-02
   6.1045219e-03
  -2.2554828e-03
  -1.0508020e-02
  -1.7865504e-02
  -2.3471094e-02
  -2.6527178e-02
  -2.6552522e-02
  -2.3545951e-02
  -1.7985730e-02
  -1.0661971e-02
  -2.4169553e-03
   5.9699031e-03
   1.3612903e-02
   1.9373619e-02
   2.2111361e-02
   2.1201176e-02
   1.6869070e-02
   1.0062264e-02
   1.9604901e-03
  -6.4433530e-03
  -1.4350743e-02
  -2.0941615e-02
  -2.5358003e-02
  -2.6930838e-02
  -3.3417243e-02
  -2.7939284e-02
  -1.9906443e-02
  -1.0492175e-02
  -5.8200980e-04
   9.1368641e-03
   1.7568844e-02
   2.3087757e-02
   2.4281870e-02
   2.0826361e-02
   1.3690178e-02
   4.5033110e-03
  -5.3730497e-03
  -1.5142898e-02
  -2.4053991e-02
  -3.1007610e-02
  -3.4849163e-02
  -3.4869065e-02
  -3.1070042e-02
  -2.4166547e-02
  -1.5306826e-02
  -5.5581436e-03
   4.3539386e-03
   1.3608509e-02
   2.0797764e-02
   2.4278050e-02
   2.3101208e-02
   1.7620243e-02
   9.2531321e-03
  -4.0791543e-04
  -1.0311349e-02
  -1.9766954e-02
  -2.7852847e-02
  -3.3376773e-02
  -3.5354518e-02
  -3.9496126e-02
  -3.2899424e-02
  -2.3508949e-02
  -1.2982073e-02
  -2.2440615e-03
   8.4221581e-03
   1.8064665e-02
   2.4600700e-02
   2.6028863e-02
   2.1880746e-02
   1.3559462e-02
   3.2951627e-03
  -7.4141056e-03
  -1.8152162e-02
  -2.8369614e-02
  -3.6628213e-02
  -4.1263073e-02
  -4.1268247e-02
  -3.6652867e-02
  -2.8442816e-02
  -1.8304847e-02
  -7.6201242e-03
   3.1268546e-03
   1.3483408e-02
   2.1868293e-02
   2.6029648e-02
   2.4601754e-02
   1.8102082e-02
   8.5453060e-03
  -2.0450522e-03
  -1.2793927e-02
  -2.3397875e-02
  -3.2855222e-02
  -3.9483573e-02
  -4.1868753e-02
  -4.1921751e-02
  -3.4440348e-02
  -2.4070586e-02
  -1.3056169e-02
  -2.3953701e-03
   8.2485098e-03
   1.8331809e-02
   2.5439708e-02
   2.7016237e-02
   2.2449493e-02
   1.3550198e-02
   3.0820333e-03
  -7.5040113e-03
  -1.8436763e-02
  -2.9463906e-02
  -3.8714142e-02
  -4.3965574e-02
  -4.3950366e-02
  -3.8683434e-02
  -2.9466561e-02
  -1.8536264e-02
  -7.6922054e-03
   2.9146182e-03
   1.3478430e-02
   2.2443717e-02
   2.7018822e-02
   2.5435840e-02
   1.8362780e-02
   8.3701458e-03
  -2.2021176e-03
  -1.2903317e-02
  -2.4025532e-02
  -3.4462609e-02
  -4.1948562e-02
  -4.4645630e-02
  -4.0638504e-02
  -3.2942408e-02
  -2.2304559e-02
  -1.1307262e-02
  -1.1446561e-03
   8.8561384e-03
   1.8558630e-02
   2.5563711e-02
   2.7138993e-02
   2.2608522e-02
   1.3901291e-02
   3.9137769e-03
  -6.0721370e-03
  -1.6717549e-02
  -2.7880041e-02
  -3.7373182e-02
  -4.2744981e-02
  -4.2719047e-02
  -3.7310998e-02
  -2.7824398e-02
  -1.6719564e-02
  -6.1423492e-03
   3.8290955e-03
   1.3852766e-02
   2.2595480e-02
   2.7138149e-02
   2.5568126e-02
   1.8586790e-02
   8.9258470e-03
  -1.0585233e-03
  -1.1267836e-02
  -2.2336668e-02
  -3.3007945e-02
  -4.0686407e-02
  -4.3434297e-02
  -3.7815510e-02
  -3.0920229e-02
  -2.0967809e-02
  -1.0141490e-02
   1.1048153e-04
   9.8744108e-03
   1.8902206e-02
   2.5250592e-02
   2.6674262e-02
   2.2592124e-02
   1.4562988e-02
   4.9580393e-03
  -5.0388548e-03
  -1.5620164e-02
  -2.6247916e-02
  -3.4902021e-02
  -3.9654105e-02
  -3.9637881e-02
  -3.4864046e-02
  -2.6195909e-02
  -1.5533672e-02
  -4.9249550e-03
   5.0308653e-03
   1.4567822e-02
   2.2572086e-02
   2.6668418e-02
   2.5266367e-02
   1.8916461e-02
   9.8380907e-03
   8.2997791e-06
  -1.0247593e-02
  -2.1033962e-02
  -3.0964290e-02
  -3.7844811e-02
  -4.0258526e-02
  -3.5862093e-02
  -3.0340769e-02
  -2.1625429e-02
  -1.0913024e-02
   2.2725122e-04
   1.0605887e-02
   1.9276721e-02
   2.4903865e-02
   2.6127767e-02
   2.2581517e-02
   1.5191345e-02
   5.4329081e-03
  -5.4761734e-03
  -1.6508554e-02
  -2.6340549e-02
  -3.3545352e-02
  -3.7261313e-02
  -3.7259632e-02
  -3.3544643e-02
  -2.6325135e-02
  -1.6419296e-02
  -5.3082501e-03
   5.5669804e-03
   1.5226861e-02
   2.2567615e-02
   2.6121955e-02
   2.4918305e-02
   1.9275025e-02
   1.0521929e-02
   6.0312450e-05
  -1.1050009e-02
  -2.1669998e-02
  -3.0343643e-02
  -3.5863814e-02
  -3.7726824e-02
  -3.5310331e-02
  -3.0487371e-02
  -2.2431412e-02
  -1.1795320e-02
  -1.0587937e-04
   1.0783041e-02
   1.9438599e-02
   2.4774064e-02
   2.5898967e-02
   2.2585336e-02
   1.5460778e-02
   5.5415284e-03
  -5.9626533e-03
  -1.7358693e-02
  -2.6843574e-02
  -3.3312294e-02
  -3.6496433e-02
  -3.6496433e-02
  -3.3312294e-02
  -2.6843574e-02
  -1.7358693e-02
  -5.9626533e-03
   5.5415284e-03
   1.5460778e-02
   2.2585336e-02
   2.5898967e-02
   2.4774064e-02
   1.9438599e-02
   1.0783041e-02
  -1.0587937e-04
  -1.1795320e-02
  -2.2431412e-02
  -3.0487371e-02
  -3.5310331e-02
  -3.6889156e-02
  -3.5863814e-02
  -3.0343643e-02
  -2.1669998e-02
  -1.1050009e-02
   6.0312450e-05
   1.0521929e-02
   1.9275025e-02
   2.4918305e-02
   2.6121955e-02
   2.2567615e-02
   1.5226861e-02
   5.5669804e-03
  -5.3082501e-03
  -1.6419296e-02
  -2.6325135e-02
  -3.3544643e-02
  -3.7259632e-02
  -3.7261313e-02
  -3.3545352e-02
  -2.6340549e-02
  -1.6508554e-02
  -5.4761734e-03
   5.4329081e-03
   1.5191345e-02
   2.2581517e-02
   2.6127767e-02
   2.4903865e-02
   1.9276721e-02
   1.0605887e-02
   2.2725122e-04
  -1.0913024e-02
  -2.1625429e-02
  -3.0340769e-02
  -3.5862093e-02
  -3.7726824e-02
  -3.7844811e-02
  -3.0964290e-02
  -2.1033962e-02
  -1.0247593e-02
   8.2997790e-06
   9.8380907e-03
   1.8916461e-02
   2.5266367e-02
   2.6668418e-02
   2.2572086e-02
   1.4567822e-02
   5.0308653e-03
  -4.9249550e-03
  -1.5533672e-02
  -2.6195909e-02
  -3.4864046e-02
  -3.9637881e-02
  -3.9654105e-02
  -3.4902021e-02
  -2.6247916e-02
  -1.5620164e-02
  -5.0388548e-03
   4.9580393e-03
   1.4562988e-02
   2.2592124e-02
   2.6674262e-02
   2.5250592e-02
   1.8902206e-02
   9.8744108e-03
   1.1048153e-04
  -1.0141490e-02
  -2.0967809e-02
  -3.0920229e-02
  -3.7815510e-02
  -4.0258526e-02
  -4.0686407e-02
  -3.3007945e-02
  -2.2336668e-02
  -1.1267836e-02
  -1.0585233e-03
   8.9258470e-03
   1.8586790e-02
   2.5568126e-02
   2.7138149e-02
   2.2595480e-02
   1.3852766e-02
   3.8290955e-03
  -6.1423492e-03
  -1.6719564e-02
  -2.7824398e-02
  -3.7310998e-02
  -4.2719047e-02
  -4.2744981e-02
  -3.7373182e-02
  -2.7880041e-02
  -1.6717549e-02
  -6.0721370e-03
   3.9137769e-03
   1.3901291e-02
   2.2608522e-02
   2.7138993e-02
   2.5563711e-02
   1.8558630e-02
   8.8561384e-03
  -1.1446561e-03
  -1.1307262e-02
  -2.2304559e-02
  -3.2942408e-02
  -4.0638504e-02
  -4.3434297e-02
  -4.1948562e-02
  -3.4462609e-02
  -2.4025532e-02
  -1.2903317e-02
  -2.2021176e-03
   8.3701458e-03
   1.8362780e-02
   2.5435840e-02
   2.7018822e-02
   2.2443717e-02
   1.3478430e-02
   2.9146182e-03
  -7.6922054e-03
  -1.8536264e-02
  -2.9466561e-02
  -3.8683434e-02
  -4.3950366e-02
  -4.3965574e-02
  -3.8714142e-02
  -2.9463906e-02
  -1.8436763e-02
  -7.5040113e-03
   3.0820333e-03
   1.3550198e-02
   2.2449493e-02
   2.7016237e-02
   2.5439708e-02
   1.8331809e-02
   8.2485098e-03
  -2.3953701e-03
  -1.3056169e-02
  -2.4070586e-02
  -3.4440348e-02
  -4.1921751e-02
  -4.4645630e-02
  -3.9483573e-02
  -3.2855222e-02
  -2.3397875e-02
  -1.2793927e-02
  -2.0450522e-03
   8.5453060e-03
   1.8102082e-02
   2.4601754e-02
   2.6029648e-02
   2.1868293e-02
   1.3483408e-02
   3.1268546e-03
  -7.6201242e-03
  -1.8304847e-02
  -2.8442816e-02
  -3.6652867e-02
  -4.1268247e-02
  -4.1263073e-02
  -3.6628213e-02
  -2.8369614e-02
  -1.8152162e-02
  -7.4141056e-03
   3.2951627e-03
   1.3559462e-02
   2.1880746e-02
   2.6028863e-02
   2.4600700e-02
   1.8064665e-02
   8.4221581e-03
  -2.2440615e-03
  -1.2982073e-02
  -2.3508949e-02
  -3.2899424e-02
  -3.9496126e-02
  -4.1868753e-02
  -3.3376773e-02
  -2.7852847e-02
  -1.9766954e-02
  -1.0311349e-02
  -4.0791543e-04
   9.2531321e-03
   1.7620243e-02
   2.3101208e-02
   2.4278050e-02
   2.0797764e-02
   1.3608509e-02
   4.3539386e-03
  -5.5581436e-03
  -1.5306826e-02
  -2.4166547e-02
  -3.1070042e-02
  -3.4869065e-02
  -3.4849163e-02
  -3.1007610e-02
  -2.4053991e-02
  -1.5142898e-02
  -5.3730497e-03
   4.5033110e-03
   1.3690178e-02
   2.0826361e-02
   2.4281870e-02
   2.3087757e-02
   1.7568844e-02
   9.1368641e-03
  -5.8200980e-04
  -1.0492175e-02
  -1.9906443e-02
  -2.7939284e-02
  -3.3417243e-02
  -3.5354518e-02
  -2.5358003e-02
  -2.0941615e-02
  -1.4350743e-02
  -6.4433530e-03
   1.9604901e-03
   1.0062264e-02
   1.6869070e-02
   2.1201176e-02
   2.2111361e-02
   1.9373619e-02
   1.3612903e-02
   5.9699031e-03
  -2.4169553e-03
  -1.0661971e-02
  -1.7985730e-02
  -2.3545951e-02
  -2.6552522e-02
  -2.6527178e-02
  -2.3471094e-02
  -1.7865504e-02
  -1.0508020e-02
  -2.2554828e-03
   6.1045219e-03
   1.3700210e-02
   1.9415769e-02
   2.2119013e-02
   2.1177393e-02
   1.6805611e-02
   9.9502917e-03
   1.8084953e-03
  -6.6052783e-03
  -1.4490088e-02
  -2.1039964e-02
  -2.5408398e-02
  -2.6930838e-02
  -1.7269619e-02
  -1.3848509e-02
  -8.6826117e-03
  -2.4044530e-03
   4.2960092e-03
   1.0685036e-02
   1.5939866e-02
   1.9216388e-02
   1.9892370e-02
   1.7825817e-02
   1.3422343e-02
   7.4579276e-03
   7.9785311e-04
  -5.7751920e-03
  -1.1556709e-02
  -1.5883020e-02
  -1.8195661e-02
  -1.8171032e-02
  -1.5811690e-02
  -1.1446476e-02
  -5.6400267e-03
   9.3720331e-04
   7.5786119e-03
   1.3508677e-02
   1.7873052e-02
   1.9901655e-02
   1.9188348e-02
   1.5873035e-02
   1.0580286e-02
   4.1633774e-03
  -2.5446356e-03
  -8.8075021e-03
  -1.3940615e-02
  -1.7318237e-02
  -1.8483479e-02
  -1.0246903e-02
  -7.6580638e-03
  -3.7251212e-03
   1.0800771e-03
   6.2053055e-03
   1.1047665e-02
   1.4972223e-02
   1.7385024e-02
   1.7875856e-02
   1.6354765e-02
   1.3086542e-02
   8.5977551e-03
   3.5229593e-03
  -1.5109674e-03
  -5.9254626e-03
  -9.2060235e-03
  -1.0948344e-02
  -1.0927217e-02
  -9.1452313e-03
  -5.8326234e-03
  -1.3983863e-03
   3.6392981e-03
   8.7012215e-03
   1.3164190e-02
   1.6399440e-02
   1.7884887e-02
   1.7358020e-02
   1.4910505e-02
   1.0955849e-02
   6.0934611e-03
   9.6347850e-04
  -3.8296408e-03
  -7.7361347e-03
  -1.0288507e-02
  -1.1163655e-02
  -4.6974444e-03
  -2.7656681e-03
   1.7679503e-04
   3.7769310e-03
   7.6074969e-03
   1.1200496e-02
   1.4083057e-02
   1.5838430e-02
   1.6192034e-02
   1.5085532e-02
   1.2694819e-02
   9.3801991e-03
   5.5996066e-03
   1.8310782e-03
  -1.4743466e-03
  -3.9241658e-03
  -5.2212227e-03
  -5.2044374e-03
  -3.8759484e-03
  -1.4009058e-03
   1.9200504e-03
   5.6920546e-03
   9.4636814e-03
   1.2758888e-02
   1.5123187e-02
   1.6199731e-02
   1.5815503e-02
   1.4031548e-02
   1.1125615e-02
   7.5180498e-03
   3.6846332e-03
   9.4193977e-05
  -2.8275093e-03
  -4.7304770e-03
  -5.3808995e-03
  -5.8080254e-04
   8.5713048e-04
   3.0493060e-03
   5.7305923e-03
   8.5755618e-03
   1.1229436e-02
   1.3343778e-02
   1.4623292e-02
   1.4879680e-02
   1.4073807e-02
   1.2325538e-02
   9.8857966e-03
   7.0852466e-03
   4.2817227e-03
   1.8190096e-03
  -5.4376255e-06
  -9.7042651e-04
  -9.5791412e-04
   3.0498177e-05
   1.8737381e-03
   4.3480933e-03
   7.1544784e-03
   9.9487977e-03
   1.2374380e-02
   1.4102776e-02
   1.4885628e-02
   1.4605601e-02
   1.3304318e-02
   1.1172645e-02
   8.5083493e-03
   5.6616387e-03
   2.9877346e-03
   8.1104610e-04
  -6.0542420e-04
  -1.0891493e-03
   2.3335249e-03
   3.4170583e-03
   5.0693565e-03
   7.0886063e-03
   9.2259403e-03
   1.1211850e-02
   1.2786764e-02
   1.3736244e-02
   1.3926490e-02
   1.3330023e-02
   1.2031470e-02
   1.0210829e-02
   8.1111514e-03
   6.0018424e-03
   4.1454035e-03
   2.7691606e-03
   2.0409280e-03
   2.0496017e-03
   2.7940699e-03
   4.1833364e-03
   6.0478564e-03
   8.1592077e-03
   1.0254672e-02
   1.2065576e-02
   1.3350314e-02
   1.3930663e-02
   1.3723840e-02
   1.2759163e-02
   1.1172263e-02
   9.1792334e-03
   7.0407800e-03
   5.0266787e-03
   3.3851159e-03
   2.3164574e-03
   1.9510544e-03
   4.3144499e-03
   5.1566475e-03
   6.4413964e-03
   8.0104786e-03
   9.6686132e-03
   1.1205511e-02
   1.2421146e-02
   1.3152827e-02
   1.3300332e-02
   1.2843101e-02
   1.1844016e-02
   1.0438415e-02
   8.8119532e-03
   7.1736092e-03
   5.7290536e-03
   4.6569009e-03
   4.0887373e-03
   4.0941073e-03
   4.6723126e-03
   5.7524899e-03
   7.2019731e-03
   8.8414880e-03
   1.0465273e-02
   1.1864847e-02
   1.2855465e-02
   1.3302872e-02
   1.3145273e-02
   1.2404310e-02
   1.1181298e-02
   9.6399542e-03
   7.9810395e-03
   6.4150560e-03
   5.1368962e-03
   4.3038857e-03
   4.0180865e-03
   5.6089138e-03
   6.2986146e-03
   7.3517353e-03
   8.6380443e-03
   9.9967320e-03
   1.1255078e-02
   1.2249705e-02
   1.2848614e-02
   1.2970872e-02
   1.2599697e-02
   1.1785353e-02
   1.0636940e-02
   9.3053842e-03
   7.9618824e-03
   6.7757796e-03
   5.8944208e-03
   5.4263401e-03
   5.4289283e-03
   5.9018294e-03
   6.7869745e-03
   7.9752782e-03
   9.3190963e-03
   1.0649138e-02
   1.1794594e-02
   1.2605076e-02
   1.2971967e-02
   1.2845349e-02
   1.2242315e-02
   1.1244211e-02
   9.9835655e-03
   8.6242494e-03
   7.3392155e-03
   6.2891448e-03
   5.6038268e-03
   5.3674362e-03
   6.4895082e-03
   7.0901351e-03
   8.0096134e-03
   9.1346149e-03
   1.0324790e-02
   1.1428898e-02
   1.2303349e-02
   1.2831666e-02
   1.2942065e-02
   1.2619280e-02
   1.1907268e-02
   1.0901896e-02
   9.7357316e-03
   8.5588718e-03
   7.5194929e-03
   6.7463437e-03
   6.3342628e-03
   6.3335644e-03
   6.7443142e-03
   7.5162991e-03
   8.5547372e-03
   9.7309610e-03
   1.0896984e-02
   1.1902970e-02
   1.2616485e-02
   1.2941466e-02
   1.2833422e-02
   1.2307004e-02
   1.1433612e-02
   1.0329709e-02
   9.1391145e-03
   8.0133087e-03
   7.0927717e-03
   6.4908880e-03
   6.2812797e-03
