-192.717695 	-89.125228 	
-188.430465 	-89.125228 	
-182.765198 	-89.584574 	
-177.406161 	-88.359652 	
-170.209740 	-86.216037 	
-164.850703 	-82.541269 	
-162.424759 	-79.806510 	
-157.432278 	-75.754123 	
-153.520169 	-70.138927 	
-150.304746 	-65.545466 	
-147.548670 	-58.655276 	
-145.405056 	-52.530663 	
-143.720787 	-44.415550 	
-142.955210 	-38.137821 	
-142.955210 	-32.472554 	
-142.955210 	-28.032209 	
-144.639479 	-21.142019 	
-146.476863 	-14.404944 	
-147.548670 	-7.055408 	
-147.548670 	3.356435 	
-146.323748 	12.696471 	
-144.945710 	22.189621 	
-143.261441 	29.079812 	
-143.108326 	36.276232 	
-143.567672 	43.013307 	
-144.945710 	50.056613 	
-147.242440 	57.559264 	
-151.529669 	66.286838 	
-155.970014 	73.330144 	
-161.482166 	79.148527 	
-167.147433 	84.048217 	
-174.496970 	86.957409 	
-181.693390 	89.866600 	
-188.430465 	89.866600 	
-193.789502 	89.713485 	
-199.454770 	86.957409 	
-205.579383 	83.282641 	
-208.794805 	78.536065 	
-210.632189 	73.483259 	
-212.469573 	67.511761 	
-214.153842 	63.990108 	
-215.072534 	56.640572 	
-216.144341 	46.688075 	
-216.297457 	38.113616 	
-216.450572 	30.151619 	
-216.450572 	23.873890 	
-215.838111 	16.065008 	
-216.144341 	7.643664 	
-215.838111 	-0.777679 	
-216.144341 	-16.089213 	
-216.297457 	-29.104016 	
-216.297457 	-40.128321 	
-215.684995 	-48.549664 	
-215.072534 	-57.583469 	
-212.928919 	-65.698582 	
-209.866612 	-75.038617 	
-206.191844 	-81.163231 	
-201.292154 	-85.909806 	
-197.311155 	-87.440960 	
-196.086232 	-84.991114 	
-193.483271 	-79.172731 	
-191.033426 	-72.741887 	
-186.593081 	-73.507464 	
-181.234044 	-74.426156 	
-174.956316 	-72.435657 	
-168.678587 	-70.904503 	
-162.707089 	-66.311043 	
-156.888706 	-60.798891 	
-152.754592 	-54.980508 	
-149.539170 	-47.630972 	
-147.854901 	-40.281436 	
-147.854901 	-35.841091 	
-148.008016 	-29.869593 	
-149.845400 	-24.204326 	
-151.070323 	-19.610865 	
-151.682784 	-13.792483 	
-152.601476 	-9.505253 	
-152.448361 	-3.074409 	
-152.448361 	2.897089 	
-151.989015 	9.940394 	
-151.376554 	14.380739 	
-150.610977 	19.586661 	
-148.773593 	27.548658 	
-147.977858 	32.991792 	
-147.854901 	38.726078 	
-149.386054 	44.850691 	
-151.529669 	51.434651 	
-155.204437 	58.784187 	
-159.797897 	63.683878 	
-164.238242 	67.971107 	
-169.137933 	70.880298 	
-178.018622 	73.942605 	
-184.296351 	74.401951 	
-193.023925 	72.870798 	
-198.229847 	69.502260 	
-203.435768 	64.755685 	
-207.110536 	59.855994 	
-210.172843 	50.669074 	
-211.857112 	42.094615 	
-212.163342 	31.835888 	
-211.550881 	19.433545 	
-211.091535 	10.399741 	
-210.632189 	1.978397 	
-210.938420 	-7.055408 	
-211.397766 	-17.007905 	
-211.857112 	-25.582364 	
-212.469573 	-30.788285 	
-212.316458 	-37.678475 	
-210.172843 	-50.540163 	
-206.344960 	-60.645776 	
-202.057730 	-65.851697 	
-196.545578 	-69.832696 	
-194.401963 	-71.670080 	
-191.952118 	-69.067119 	
-190.574080 	-66.157928 	
-189.196042 	-63.401852 	
-185.980620 	-63.861198 	
-181.846506 	-64.779890 	
-178.477968 	-64.014313 	
-172.506470 	-62.483160 	
-167.826543 	-60.847792 	
-163.307515 	-57.126239 	
-158.256836 	-52.164168 	
-156.307451 	-49.417308 	
-154.269458 	-44.100804 	
-152.851723 	-39.936209 	
-153.028940 	-34.265271 	
-153.206157 	-29.657634 	
-154.845415 	-24.444505 	
-156.396062 	-20.014085 	
-157.282146 	-15.288303 	
-157.946709 	-9.676438 	
-157.355987 	-2.735447 	
-157.060625 	2.654897 	
-157.429827 	10.629653 	
-156.543743 	19.416653 	
-153.294768 	29.975820 	
-153.147088 	36.916811 	
-153.368609 	41.051870 	
-155.288457 	47.697500 	
-158.168230 	52.201760 	
-160.531121 	54.786172 	
-164.370818 	58.108987 	
-167.398272 	60.914919 	
-173.453179 	63.203969 	
-180.468011 	65.123818 	
-185.046111 	64.311574 	
-189.476531 	63.351650 	
-193.463909 	62.613247 	
-197.820489 	58.625869 	
-201.734026 	54.343130 	
-204.170757 	50.946474 	
-205.795244 	47.549819 	
-206.902849 	44.300844 	
-207.788933 	40.018105 	
-207.936614 	34.258559 	
-207.936614 	26.505324 	
-207.345891 	20.450417 	
-206.681328 	16.167678 	
-206.164446 	10.629653 	
-205.573723 	1.178091 	
-205.869085 	-5.615220 	
-206.164446 	-10.931724 	
-207.050530 	-16.838950 	
-207.345891 	-22.524656 	
-207.862774 	-29.096445 	
-207.567412 	-36.258958 	
-206.976690 	-42.461546 	
-205.130681 	-48.368772 	
-202.103228 	-53.242234 	
-199.371135 	-56.712730 	
-194.940716 	-60.921629 	
-191.765581 	-62.398435 	
-189.550371 	-60.478587 	
-188.147405 	-58.263377 	
-186.965960 	-55.383604 	
-183.421624 	-56.269688 	
-180.246490 	-56.712730 	
-174.265423 	-55.383604 	
-169.022759 	-53.759116 	
-164.091675 	-49.156208 	
-161.005499 	-44.081823 	
-158.709729 	-39.901746 	
-158.955863 	-34.363722 	
-159.386599 	-29.317966 	
-161.724876 	-24.949080 	
-164.124686 	-20.395593 	
-164.309287 	-14.611434 	
-164.616955 	-9.750279 	
-163.447817 	-4.089187 	
-163.017082 	0.525834 	
-163.632418 	5.448522 	
-164.247754 	11.417282 	
-164.432354 	17.262975 	
-164.309287 	19.970454 	
-161.663342 	25.631546 	
-159.694267 	30.431167 	
-159.386599 	35.784591 	
-159.053908 	39.945089 	
-161.171073 	43.783960 	
-163.632418 	48.214380 	
-165.909161 	51.475661 	
-168.308972 	53.506270 	
-171.939455 	54.798476 	
-175.569937 	56.029148 	
-179.692689 	57.259820 	
-183.200105 	56.890618 	
-187.753592 	55.844547 	
-192.060944 	54.367740 	
-194.953024 	52.460198 	
-198.091238 	48.152846 	
-201.290985 	41.999485 	
-202.460124 	39.292006 	
-202.767792 	33.938583 	
-203.136994 	29.323562 	
-201.537120 	23.539403 	
-200.552582 	17.878311 	
-199.383444 	12.278753 	
-198.891175 	8.525203 	
-198.891175 	2.494909 	
-198.952708 	-4.642989 	
-199.321910 	-9.319543 	
-200.737183 	-18.488051 	
-202.213989 	-25.441349 	
-203.013926 	-29.933302 	
-202.152456 	-39.409478 	
-200.429515 	-43.470696 	
-198.398906 	-47.224246 	
-196.429830 	-49.747124 	
-193.783885 	-53.008405 	
-189.599600 	-54.669812 	
-187.876659 	-52.454602 	
-186.215252 	-50.177859 	
-185.107647 	-47.901115 	
-182.584769 	-49.377922 	
-180.861828 	-49.562523 	
-178.154349 	-48.701052 	
-174.154664 	-46.670443 	
-170.339581 	-45.070569 	
-168.370505 	-43.286095 	
-166.216829 	-39.655612 	
-166.401430 	-35.655928 	
-167.078300 	-32.763848 	
-167.201367 	-28.948764 	
-169.416577 	-26.425886 	
-171.077984 	-24.333744 	
-173.354728 	-21.749332 	
-174.770001 	-19.287988 	
-174.400799 	-14.857568 	
-174.462333 	-11.903955 	
-174.277732 	-9.565678 	
-172.431723 	-6.181330 	
-171.016450 	-2.673914 	
-170.093446 	-0.151036 	
-170.847851 	2.337801 	
-172.181079 	4.952979 	
-173.231660 	7.417598 	
-174.462333 	9.755875 	
-174.585400 	11.601883 	
-174.893068 	14.247828 	
-174.770001 	16.832240 	
-175.200736 	19.601252 	
-173.293194 	22.247197 	
-170.708782 	25.323878 	
-168.001304 	28.400558 	
-167.016766 	33.077112 	
-166.586031 	36.769129 	
-166.339896 	39.784275 	
-167.509035 	42.061019 	
-168.493573 	43.783960 	
-173.600862 	46.429905 	
-176.492942 	48.645115 	
-180.431092 	49.998854 	
-185.046113 	48.398980 	
-188.922730 	46.614506 	
-192.245545 	45.199233 	
-193.476217 	44.460829 	
-195.691427 	40.153477 	
-196.306763 	37.138330 	
-196.614431 	33.200179 	
-196.860566 	29.938898 	
-195.383759 	24.647008 	
-194.276154 	20.893458 	
-193.660818 	17.939845 	
-191.999411 	14.924698 	
-190.214936 	12.278753 	
-189.353466 	9.755875 	
-190.604651 	3.141014 	
-190.655929 	-1.781674 	
-190.450817 	-5.986471 	
-190.194427 	-9.678487 	
-191.117431 	-12.703889 	
-192.758327 	-15.113955 	
-193.578775 	-17.882968 	
-194.450501 	-21.369872 	
-195.476061 	-24.702942 	
-196.142675 	-27.830900 	
-196.706733 	-30.189689 	
-195.988841 	-32.753589 	
-195.886285 	-35.368767 	
-195.937563 	-38.291613 	
-195.373505 	-40.547845 	
-193.937721 	-42.752800 	
-192.604493 	-44.547530 	
-190.040593 	-45.624368 	
-187.220303 	-47.060152 	