-0.00158300000000000
-0.00140600000000002
-0.000701000000000007
-0.000102000000000019
0.000359999999999999
0.000541999999999987
0.000259999999999982
-0.000302999999999998
-0.000422000000000006
-0.000544000000000017
-0.000711000000000017
-0.000705999999999984
-0.000655000000000017
-0.000319999999999987
-0.000111000000000000
-0.000100999999999990
-0.000437000000000021
-0.00104599999999999
-0.00146499999999999
-0.00168100000000002
-0.00142400000000001
-0.00116500000000000
-0.000733000000000011
-0.000229999999999980
0.000113000000000002
0.000229000000000007
3.29999999999775e-05
-0.000281000000000003
-0.000469999999999998
-0.000476000000000004
-0.000476000000000004
-0.000526000000000026
-0.000538999999999984
-0.000288000000000010
-9.70000000000137e-05
-0.000205999999999984
-0.000453000000000009
-0.000911999999999996
-0.00126900000000002
-0.00143600000000002
-0.00110200000000002
-0.000855999999999996
-0.000590000000000007
-0.000187000000000020
8.19999999999987e-05
0.000183999999999990
4.19999999999865e-05
-0.000170000000000003
-0.000281000000000003
-0.000303999999999999
-0.000310000000000005
-0.000413000000000024
-0.000417000000000001
-0.000274999999999997
-0.000121000000000010
-0.000146999999999980
-0.000336000000000003
-0.000731000000000009
-0.00103400000000001
-0.00114599999999998
-0.000905000000000017
-0.000719999999999998
-0.000472000000000000
-0.000241000000000019
-2.69999999999992e-05
-3.00000000000022e-05
-2.90000000000012e-05
-0.000198000000000004
-0.000201000000000007
-0.000202000000000008
-0.000231000000000009
-0.000262000000000012
-0.000315000000000010
-0.000223000000000029
-0.000133999999999995
-0.000170000000000003
-0.000239000000000017
-0.000690999999999997
-0.000861000000000001
-0.000862000000000002
-0.000240000000000018
-0.000172000000000005
-0.000125000000000014
-0.000106999999999996
-2.39999999999962e-05
-1.59999999999882e-05
-4.40000000000163e-05
-0.000146999999999980
-0.000140000000000001
-3.29999999999775e-05
-1.79999999999902e-05
-5.70000000000015e-05
-0.000114000000000003
-5.80000000000025e-05
-1.30000000000130e-05
-8.99999999998125e-06
-3.29999999999775e-05
-0.000193000000000026
-0.000181999999999988
-0.000201000000000007
-0.000137999999999999
-9.70000000000137e-05
-5.29999999999975e-05
-9.40000000000107e-05
-9.20000000000087e-05
-7.90000000000235e-05
-9.99999999999890e-05
-0.000228000000000006
-0.000214999999999993
-0.000120000000000009
-0.000102000000000019
-0.000121000000000010
-0.000149000000000010
-0.000106999999999996
-4.40000000000163e-05
-4.59999999999905e-05
-5.60000000000283e-05
-0.000122000000000011
-0.000161999999999995
-0.000161999999999995
2.59999999999982e-05
2.09999999999932e-05
6.89999999999857e-05
2.00000000000200e-05
1.40000000000140e-05
1.59999999999882e-05
-8.19999999999987e-05
-0.000205999999999984
-0.000202000000000008
-0.000179000000000012
-0.000179000000000012
-0.000175999999999982
-0.000171000000000004
-0.000132000000000021
3.00000000000022e-05
3.60000000000083e-05
3.29999999999775e-05
3.00000000000022e-05
8.99999999998125e-06
-8.99999999998125e-06
-8.40000000000007e-05
-7.09999999999877e-05
-6.50000000000095e-05
-7.40000000000185e-05
-8.40000000000007e-05
-0.000105999999999995
-0.000243999999999994
-0.000384999999999996
-0.000524999999999998
-0.000530000000000003
-0.000524999999999998
-0.000528000000000001
-0.000470999999999999
-0.000294999999999990
-0.000160999999999994
-8.29999999999997e-05
-7.40000000000185e-05
-9.50000000000117e-05
-8.70000000000037e-05
-0.000104000000000021
-9.60000000000127e-05
-9.40000000000107e-05
-0.000121000000000010
-0.000123999999999985
-0.000104999999999994
-0.000102000000000019
-0.000300000000000022
-0.000497000000000025
-0.000522999999999996
-0.000538000000000011
-0.000516999999999990
-0.000527000000000000
-0.000463999999999992
-0.000339000000000006
-0.000146999999999980
-3.60000000000083e-05
-3.40000000000063e-05
-7.79999999999947e-05
-0.000136999999999998
-0.000113000000000002
-0.000355999999999995
-0.000380999999999992
-0.000282000000000004
-0.000225000000000003
-0.000210000000000016
-0.000255000000000005
-0.000440999999999997
-0.000736999999999988
-0.000864000000000004
-0.000955999999999985
-0.000975000000000004
-0.000978000000000007
-0.000869000000000009
-0.000623999999999986
-0.000352000000000019
-0.000252000000000002
-0.000218999999999997
-0.000266999999999989
-0.000384999999999996
-0.000376000000000015
-0.000524999999999998
-0.000491999999999992
-0.000437999999999994
-0.000341000000000008
-0.000280000000000002
-0.000340000000000007
-0.000603000000000020
-0.00103899999999998
-0.00127900000000000
-0.00144100000000000
-0.00144999999999998
-0.00143499999999999
-0.00118399999999999
-0.000883999999999996
-0.000550999999999996
-0.000320999999999988
-0.000348999999999988
-0.000479000000000007
-0.000591000000000008
-0.000572000000000017