154.583
154.406
153.701
153.102
152.64
152.458
152.74
153.303
153.422
153.544
153.711
153.706
153.655
153.32
153.111
153.101
153.437
154.046
154.465
154.681
154.424
154.165
153.733
153.23
152.887
152.771
152.967
153.281
153.47
153.476
153.476
153.526
153.539
153.288
153.097
153.206
153.453
153.912
154.269
154.436
154.102
153.856
153.59
153.187
152.918
152.816
152.958
153.17
153.281
153.304
153.31
153.413
153.417
153.275
153.121
153.147
153.336
153.731
154.034
154.146
153.905
153.72
153.472
153.241
153.027
153.03
153.029
153.198
153.201
153.202
153.231
153.262
153.315
153.223
153.134
153.17
153.239
153.691
153.861
153.862
153.24
153.172
153.125
153.107
153.024
153.016
153.044
153.147
153.14
153.033
153.018
153.057
153.114
153.058
153.013
153.009
153.033
153.193
153.182
153.201
153.138
153.097
153.053
153.094
153.092
153.079
153.1
153.228
153.215
153.12
153.102
153.121
153.149
153.107
153.044
153.046
153.056
153.122
153.162
153.162
152.974
152.979
152.931
152.98
152.986
152.984
153.082
153.206
153.202
153.179
153.179
153.176
153.171
153.132
152.97
152.964
152.967
152.97
152.991
153.009
153.084
153.071
153.065
153.074
153.084
153.106
153.244
153.385
153.525
153.53
153.525
153.528
153.471
153.295
153.161
153.083
153.074
153.095
153.087
153.104
153.096
153.094
153.121
153.124
153.105
153.102
153.3
153.497
153.523
153.538
153.517
153.527
153.464
153.339
153.147
153.036
153.034
153.078
153.137
153.113
153.356
153.381
153.282
153.225
153.21
153.255
153.441
153.737
153.864
153.956
153.975
153.978
153.869
153.624
153.352
153.252
153.219
153.267
153.385
153.376
153.525
153.492
153.438
153.341
153.28
153.34
153.603
154.039
154.279
154.441
154.45
154.435
154.184
153.884
153.551
153.321
153.349
153.479
153.591
153.572
